S0, S1, S2, S3, S4, S5, S6, S7, S8, S9, S10, S11, S12, S13, S14
8442, 1256, 88, 6, 0, 0, 0, 0, 0, 0, 0, 0, 0, 0, 0
8467, 1225, 97, 3, 0, 0, 0, 0, 0, 0, 0, 0, 0, 0, 0
8484, 1205, 102, 1, 0, 0, 0, 0, 0, 0, 0, 0, 0, 0, 0
8453, 1237, 99, 3, 0, 0, 0, 0, 0, 0, 0, 0, 0, 0, 0
8420, 1278, 91, 3, 0, 0, 0, 0, 0, 0, 0, 0, 0, 0, 0
8446, 1257, 85, 4, 0, 0, 0, 0, 0, 0, 0, 0, 0, 0, 0
8441, 1254, 95, 2, 0, 0, 0, 0, 0, 0, 0, 0, 0, 0, 0
8459, 1233, 99, 1, 0, 0, 0, 0, 0, 0, 0, 0, 0, 0, 0
8488, 1219, 81, 4, 0, 0, 0, 0, 0, 0, 0, 0, 0, 0, 0
8461, 1239, 88, 4, 0, 0, 0, 0, 0, 0, 0, 0, 0, 0, 0
8465, 1236, 87, 4, 0, 0, 0, 0, 0, 0, 0, 0, 0, 0, 0
8437, 1268, 84, 3, 0, 0, 0, 0, 0, 0, 0, 0, 0, 0, 0
8451, 1240, 98, 3, 0, 0, 0, 0, 0, 0, 0, 0, 0, 0, 0
8455, 1239, 95, 3, 0, 0, 0, 0, 0, 0, 0, 0, 0, 0, 0
8444, 1239, 107, 2, 0, 0, 0, 0, 0, 0, 0, 0, 0, 0, 0
8453, 1238, 99, 2, 0, 0, 0, 0, 0, 0, 0, 0, 0, 0, 0
8445, 1255, 89, 3, 0, 0, 0, 0, 0, 0, 0, 0, 0, 0, 0
8453, 1242, 95, 2, 0, 0, 0, 0, 0, 0, 0, 0, 0, 0, 0
8424, 1273, 92, 3, 0, 0, 0, 0, 0, 0, 0, 0, 0, 0, 0
8423, 1270, 99, 0, 0, 0, 0, 0, 0, 0, 0, 0, 0, 0, 0
8413, 1292, 86, 1, 0, 0, 0, 0, 0, 0, 0, 0, 0, 0, 0
8409, 1304, 77, 2, 0, 0, 0, 0, 0, 0, 0, 0, 0, 0, 0
8406, 1311, 73, 2, 0, 0, 0, 0, 0, 0, 0, 0, 0, 0, 0
8406, 1301, 83, 2, 0, 0, 0, 0, 0, 0, 0, 0, 0, 0, 0
8403, 1286, 103, 0, 0, 0, 0, 0, 0, 0, 0, 0, 0, 0, 0
8433, 1266, 93, 0, 0, 0, 0, 0, 0, 0, 0, 0, 0, 0, 0
8418, 1283, 89, 2, 0, 0, 0, 0, 0, 0, 0, 0, 0, 0, 0
8463, 1242, 84, 3, 0, 0, 0, 0, 0, 0, 0, 0, 0, 0, 0
8422, 1286, 81, 3, 0, 0, 0, 0, 0, 0, 0, 0, 0, 0, 0
8432, 1284, 75, 1, 0, 0, 0, 0, 0, 0, 0, 0, 0, 0, 0
8411, 1290, 88, 3, 0, 0, 0, 0, 0, 0, 0, 0, 0, 0, 0
8425, 1265, 96, 6, 0, 0, 0, 0, 0, 0, 0, 0, 0, 0, 0
8454, 1246, 89, 3, 0, 0, 0, 0, 0, 0, 0, 0, 0, 0, 0
8465, 1231, 93, 3, 0, 0, 0, 0, 0, 0, 0, 0, 0, 0, 0
8477, 1228, 87, 0, 0, 0, 0, 0, 0, 0, 0, 0, 0, 0, 0
8432, 1260, 98, 2, 0, 0, 0, 0, 0, 0, 0, 0, 0, 0, 0
8463, 1228, 99, 2, 0, 0, 0, 0, 0, 0, 0, 0, 0, 0, 0
8438, 1254, 97, 3, 0, 0, 0, 0, 0, 0, 0, 0, 0, 0, 0
8440, 1244, 105, 3, 0, 0, 0, 0, 0, 0, 0, 0, 0, 0, 0
8429, 1264, 96, 3, 0, 0, 0, 0, 0, 0, 0, 0, 0, 0, 0
8428, 1273, 88, 3, 0, 0, 0, 0, 0, 0, 0, 0, 0, 0, 0
8411, 1290, 89, 2, 0, 0, 0, 0, 0, 0, 0, 0, 0, 0, 0
8428, 1260, 99, 3, 2, 0, 0, 0, 0, 0, 0, 0, 0, 0, 0
8453, 1234, 101, 4, 0, 0, 0, 0, 0, 0, 0, 0, 0, 0, 0
8440, 1255, 91, 6, 0, 0, 0, 0, 0, 0, 0, 0, 0, 0, 0
8457, 1227, 102, 6, 0, 0, 0, 0, 0, 0, 0, 0, 0, 0, 0
8460, 1234, 95, 3, 0, 0, 0, 0, 0, 0, 0, 0, 0, 0, 0
8461, 1227, 99, 5, 0, 0, 0, 0, 0, 0, 0, 0, 0, 0, 0
8451, 1240, 100, 1, 0, 0, 0, 0, 0, 0, 0, 0, 0, 0, 0
8446, 1245, 99, 2, 0, 0, 0, 0, 0, 0, 0, 0, 0, 0, 0
8422, 1272, 97, 1, 0, 0, 0, 0, 0, 0, 0, 0, 0, 0, 0
8438, 1251, 103, 0, 0, 0, 0, 0, 0, 0, 0, 0, 0, 0, 0
8451, 1225, 114, 2, 0, 0, 0, 0, 0, 0, 0, 0, 0, 0, 0
8451, 1236, 103, 2, 0, 0, 0, 0, 0, 0, 0, 0, 0, 0, 0
8474, 1212, 100, 6, 0, 0, 0, 0, 0, 0, 0, 0, 0, 0, 0
8440, 1252, 97, 3, 0, 0, 0, 0, 0, 0, 0, 0, 0, 0, 0
8440, 1244, 107, 1, 0, 0, 0, 0, 0, 0, 0, 0, 0, 0, 0
8437, 1256, 95, 3, 1, 0, 0, 0, 0, 0, 0, 0, 0, 0, 0
8468, 1195, 125, 4, 0, 0, 0, 0, 0, 0, 0, 0, 0, 0, 0
8482, 1211, 96, 3, 0, 0, 0, 0, 0, 0, 0, 0, 0, 0, 0
8479, 1212, 98, 3, 0, 0, 0, 0, 0, 0, 0, 0, 0, 0, 0
8444, 1251, 94, 3, 0, 0, 0, 0, 0, 0, 0, 0, 0, 0, 0
8458, 1235, 96, 3, 0, 0, 0, 0, 0, 0, 0, 0, 0, 0, 0
8448, 1243, 99, 2, 0, 0, 0, 0, 0, 0, 0, 0, 0, 0, 0
8446, 1248, 96, 2, 0, 0, 0, 0, 0, 0, 0, 0, 0, 0, 0
8465, 1228, 96, 3, 0, 0, 0, 0, 0, 0, 0, 0, 0, 0, 0
8463, 1236, 92, 1, 0, 0, 0, 0, 0, 0, 0, 0, 0, 0, 0
8436, 1247, 108, 1, 0, 0, 0, 0, 0, 0, 0, 0, 0, 0, 0
8471, 1221, 97, 3, 0, 0, 0, 0, 0, 0, 0, 0, 0, 0, 0
8484, 1192, 113, 3, 0, 0, 0, 0, 0, 0, 0, 0, 0, 0, 0
8464, 1206, 119, 3, 0, 0, 0, 0, 0, 0, 0, 0, 0, 0, 0
8492, 1184, 114, 2, 0, 0, 0, 0, 0, 0, 0, 0, 0, 0, 0
8475, 1223, 90, 4, 0, 0, 0, 0, 0, 0, 0, 0, 0, 0, 0
8474, 1208, 107, 3, 0, 0, 0, 0, 0, 0, 0, 0, 0, 0, 0
8459, 1222, 107, 4, 0, 0, 0, 0, 0, 0, 0, 0, 0, 0, 0
8455, 1252, 81, 4, 0, 0, 0, 0, 0, 0, 0, 0, 0, 0, 0
8428, 1270, 90, 4, 0, 0, 0, 0, 0, 0, 0, 0, 0, 0, 0
8437, 1259, 94, 2, 0, 0, 0, 0, 0, 0, 0, 0, 0, 0, 0
8438, 1255, 97, 2, 0, 0, 0, 0, 0, 0, 0, 0, 0, 0, 0
8447, 1236, 108, 1, 0, 0, 0, 0, 0, 0, 0, 0, 0, 0, 0
8462, 1239, 87, 4, 0, 0, 0, 0, 0, 0, 0, 0, 0, 0, 0
8460, 1221, 109, 2, 0, 0, 0, 0, 0, 0, 0, 0, 0, 0, 0
8419, 1269, 101, 3, 0, 0, 0, 0, 0, 0, 0, 0, 0, 0, 0
8408, 1288, 92, 4, 0, 0, 0, 0, 0, 0, 0, 0, 0, 0, 0
8433, 1257, 99, 3, 0, 0, 0, 0, 0, 0, 0, 0, 0, 0, 0
8420, 1275, 94, 3, 0, 0, 0, 0, 0, 0, 0, 0, 0, 0, 0
8423, 1274, 93, 2, 0, 0, 0, 0, 0, 0, 0, 0, 0, 0, 0
8419, 1277, 94, 2, 0, 0, 0, 0, 0, 0, 0, 0, 0, 0, 0
8421, 1276, 94, 1, 0, 0, 0, 0, 0, 0, 0, 0, 0, 0, 0
8427, 1261, 100, 4, 0, 0, 0, 0, 0, 0, 0, 0, 0, 0, 0
8437, 1246, 104, 5, 0, 0, 0, 0, 0, 0, 0, 0, 0, 0, 0
8434, 1256, 93, 8, 1, 0, 0, 0, 0, 0, 0, 0, 0, 0, 0
8465, 1220, 103, 4, 0, 0, 0, 0, 0, 0, 0, 0, 0, 0, 0
8441, 1233, 116, 2, 0, 0, 0, 0, 0, 0, 0, 0, 0, 0, 0
8445, 1219, 122, 6, 0, 0, 0, 0, 0, 0, 0, 0, 0, 0, 0
8432, 1258, 100, 2, 0, 0, 0, 0, 0, 0, 0, 0, 0, 0, 0
8446, 1239, 104, 3, 0, 0, 0, 0, 0, 0, 0, 0, 0, 0, 0
8434, 1261, 95, 2, 0, 0, 0, 0, 0, 0, 0, 0, 0, 0, 0
8457, 1232, 101, 2, 0, 0, 0, 0, 0, 0, 0, 0, 0, 0, 0
8465, 1219, 106, 2, 0, 0, 0, 0, 0, 0, 0, 0, 0, 0, 0
8465, 1233, 92, 2, 0, 0, 0, 0, 0, 0, 0, 0, 0, 0, 0
8473, 1223, 93, 3, 0, 0, 0, 0, 0, 0, 0, 0, 0, 0, 0
8476, 1217, 98, 1, 0, 0, 0, 0, 0, 0, 0, 0, 0, 0, 0
8447, 1236, 107, 2, 0, 0, 0, 0, 0, 0, 0, 0, 0, 0, 0
8456, 1239, 95, 2, 0, 0, 0, 0, 0, 0, 0, 0, 0, 0, 0
8419, 1289, 83, 1, 0, 0, 0, 0, 0, 0, 0, 0, 0, 0, 0
8423, 1276, 92, 1, 0, 0, 0, 0, 0, 0, 0, 0, 0, 0, 0
8429, 1263, 100, 0, 0, 0, 0, 0, 0, 0, 0, 0, 0, 0, 0
8443, 1248, 99, 2, 0, 0, 0, 0, 0, 0, 0, 0, 0, 0, 0
8453, 1242, 93, 4, 0, 0, 0, 0, 0, 0, 0, 0, 0, 0, 0
8437, 1255, 99, 1, 0, 0, 0, 0, 0, 0, 0, 0, 0, 0, 0
8444, 1250, 96, 2, 0, 0, 0, 0, 0, 0, 0, 0, 0, 0, 0
8397, 1308, 84, 3, 0, 0, 0, 0, 0, 0, 0, 0, 0, 0, 0
8391, 1309, 90, 2, 0, 0, 0, 0, 0, 0, 0, 0, 0, 0, 0
8411, 1289, 88, 4, 0, 0, 0, 0, 0, 0, 0, 0, 0, 0, 0
8410, 1299, 79, 4, 0, 0, 0, 0, 0, 0, 0, 0, 0, 0, 0
8410, 1293, 87, 1, 1, 0, 0, 0, 0, 0, 0, 0, 0, 0, 0
8403, 1304, 82, 3, 0, 0, 0, 0, 0, 0, 0, 0, 0, 0, 0
8393, 1317, 79, 3, 0, 0, 0, 0, 0, 0, 0, 0, 0, 0, 0
8408, 1290, 92, 2, 0, 0, 0, 0, 0, 0, 0, 0, 0, 0, 0
8455, 1247, 88, 2, 0, 0, 0, 0, 0, 0, 0, 0, 0, 0, 0
8424, 1277, 90, 1, 0, 0, 0, 0, 0, 0, 0, 0, 0, 0, 0
8413, 1291, 85, 3, 0, 0, 0, 0, 0, 0, 0, 0, 0, 0, 0
8446, 1254, 90, 2, 0, 0, 0, 0, 0, 0, 0, 0, 0, 0, 0
8411, 1293, 86, 2, 0, 0, 0, 0, 0, 0, 0, 0, 0, 0, 0
8403, 1297, 91, 1, 0, 0, 0, 0, 0, 0, 0, 0, 0, 0, 0
8440, 1258, 90, 4, 0, 0, 0, 0, 0, 0, 0, 0, 0, 0, 0
8424, 1287, 78, 3, 0, 0, 0, 0, 0, 0, 0, 0, 0, 0, 0
8440, 1268, 83, 1, 0, 0, 0, 0, 0, 0, 0, 0, 0, 0, 0
8418, 1297, 75, 2, 0, 0, 0, 0, 0, 0, 0, 0, 0, 0, 0
8415, 1275, 99, 3, 0, 0, 0, 0, 0, 0, 0, 0, 0, 0, 0
8401, 1315, 74, 2, 0, 0, 0, 0, 0, 0, 0, 0, 0, 0, 0
8410, 1295, 85, 2, 0, 0, 0, 0, 0, 0, 0, 0, 0, 0, 0
8399, 1303, 88, 2, 0, 0, 0, 0, 0, 0, 0, 0, 0, 0, 0
8403, 1296, 93, 0, 0, 0, 0, 0, 0, 0, 0, 0, 0, 0, 0
8426, 1261, 104, 1, 0, 0, 0, 0, 0, 0, 0, 0, 0, 0, 0
8408, 1311, 71, 2, 0, 0, 0, 0, 0, 0, 0, 0, 0, 0, 0
8389, 1327, 76, 0, 0, 0, 0, 0, 0, 0, 0, 0, 0, 0, 0
8409, 1304, 77, 2, 0, 0, 0, 0, 0, 0, 0, 0, 0, 0, 0
8412, 1288, 90, 2, 0, 0, 0, 0, 0, 0, 0, 0, 0, 0, 0
8403, 1304, 84, 1, 0, 0, 0, 0, 0, 0, 0, 0, 0, 0, 0
8405, 1305, 79, 3, 0, 0, 0, 0, 0, 0, 0, 0, 0, 0, 0
8442, 1260, 87, 3, 0, 0, 0, 0, 0, 0, 0, 0, 0, 0, 0
8428, 1265, 95, 4, 0, 0, 0, 0, 0, 0, 0, 0, 0, 0, 0
8420, 1259, 109, 4, 0, 0, 0, 0, 0, 0, 0, 0, 0, 0, 0
8470, 1218, 102, 2, 0, 0, 0, 0, 0, 0, 0, 0, 0, 0, 0
8479, 1199, 112, 2, 0, 0, 0, 0, 0, 0, 0, 0, 0, 0, 0
8479, 1208, 105, 0, 0, 0, 0, 0, 0, 0, 0, 0, 0, 0, 0
8444, 1240, 104, 4, 0, 0, 0, 0, 0, 0, 0, 0, 0, 0, 0
8437, 1258, 94, 3, 0, 0, 0, 0, 0, 0, 0, 0, 0, 0, 0
8459, 1234, 97, 2, 0, 0, 0, 0, 0, 0, 0, 0, 0, 0, 0
8456, 1242, 91, 3, 0, 0, 0, 0, 0, 0, 0, 0, 0, 0, 0
8443, 1237, 110, 2, 0, 0, 0, 0, 0, 0, 0, 0, 0, 0, 0
8442, 1257, 90, 3, 0, 0, 0, 0, 0, 0, 0, 0, 0, 0, 0
8452, 1238, 101, 1, 0, 0, 0, 0, 0, 0, 0, 0, 0, 0, 0
8469, 1226, 97, 0, 0, 0, 0, 0, 0, 0, 0, 0, 0, 0, 0
8451, 1243, 96, 2, 0, 0, 0, 0, 0, 0, 0, 0, 0, 0, 0
8462, 1226, 102, 2, 0, 0, 0, 0, 0, 0, 0, 0, 0, 0, 0
8443, 1231, 115, 3, 0, 0, 0, 0, 0, 0, 0, 0, 0, 0, 0
8461, 1206, 121, 4, 0, 0, 0, 0, 0, 0, 0, 0, 0, 0, 0
8432, 1249, 105, 6, 0, 0, 0, 0, 0, 0, 0, 0, 0, 0, 0
8453, 1233, 100, 6, 0, 0, 0, 0, 0, 0, 0, 0, 0, 0, 0
8437, 1248, 103, 4, 0, 0, 0, 0, 0, 0, 0, 0, 0, 0, 0
8440, 1264, 84, 4, 0, 0, 0, 0, 0, 0, 0, 0, 0, 0, 0
8472, 1228, 91, 1, 0, 0, 0, 0, 0, 0, 0, 0, 0, 0, 0
8463, 1221, 105, 3, 0, 0, 0, 0, 0, 0, 0, 0, 0, 0, 0
8479, 1208, 100, 5, 0, 0, 0, 0, 0, 0, 0, 0, 0, 0, 0
8471, 1221, 97, 3, 0, 0, 0, 0, 0, 0, 0, 0, 0, 0, 0
8450, 1241, 101, 0, 0, 0, 0, 0, 0, 0, 0, 0, 0, 0, 0
8471, 1217, 102, 2, 0, 0, 0, 0, 0, 0, 0, 0, 0, 0, 0
8478, 1207, 106, 1, 0, 0, 0, 0, 0, 0, 0, 0, 0, 0, 0
8477, 1216, 92, 7, 0, 0, 0, 0, 0, 0, 0, 0, 0, 0, 0
8458, 1220, 112, 2, 0, 0, 0, 0, 0, 0, 0, 0, 0, 0, 0
8476, 1210, 104, 2, 0, 0, 0, 0, 0, 0, 0, 0, 0, 0, 0
8456, 1242, 93, 1, 0, 0, 0, 0, 0, 0, 0, 0, 0, 0, 0
8436, 1270, 86, 0, 0, 0, 0, 0, 0, 0, 0, 0, 0, 0, 0
8415, 1280, 94, 3, 0, 0, 0, 0, 0, 0, 0, 0, 0, 0, 0
8430, 1279, 80, 3, 0, 0, 0, 0, 0, 0, 0, 0, 0, 0, 0
8454, 1242, 93, 3, 0, 0, 0, 0, 0, 0, 0, 0, 0, 0, 0
8450, 1237, 105, 0, 0, 0, 0, 0, 0, 0, 0, 0, 0, 0, 0
8445, 1240, 106, 1, 0, 0, 0, 0, 0, 0, 0, 0, 0, 0, 0
8455, 1236, 97, 4, 0, 0, 0, 0, 0, 0, 0, 0, 0, 0, 0
8468, 1213, 108, 3, 0, 0, 0, 0, 0, 0, 0, 0, 0, 0, 0
8458, 1240, 88, 6, 0, 0, 0, 0, 0, 0, 0, 0, 0, 0, 0
8462, 1223, 104, 3, 0, 0, 0, 0, 0, 0, 0, 0, 0, 0, 0
8460, 1240, 88, 4, 0, 0, 0, 0, 0, 0, 0, 0, 0, 0, 0
8453, 1239, 96, 4, 0, 0, 0, 0, 0, 0, 0, 0, 0, 0, 0
8455, 1235, 102, 0, 0, 0, 0, 0, 0, 0, 0, 0, 0, 0, 0
8467, 1217, 105, 3, 0, 0, 0, 0, 0, 0, 0, 0, 0, 0, 0
8478, 1208, 101, 5, 0, 0, 0, 0, 0, 0, 0, 0, 0, 0, 0
8481, 1209, 98, 4, 0, 0, 0, 0, 0, 0, 0, 0, 0, 0, 0
8448, 1230, 110, 4, 0, 0, 0, 0, 0, 0, 0, 0, 0, 0, 0
8491, 1189, 108, 4, 0, 0, 0, 0, 0, 0, 0, 0, 0, 0, 0
8456, 1227, 105, 3, 1, 0, 0, 0, 0, 0, 0, 0, 0, 0, 0
8455, 1243, 91, 3, 0, 0, 0, 0, 0, 0, 0, 0, 0, 0, 0
8454, 1254, 79, 5, 0, 0, 0, 0, 0, 0, 0, 0, 0, 0, 0
8449, 1238, 102, 3, 0, 0, 0, 0, 0, 0, 0, 0, 0, 0, 0
8478, 1197, 116, 1, 0, 0, 0, 0, 0, 0, 0, 0, 0, 0, 0
8477, 1202, 110, 3, 0, 0, 0, 0, 0, 0, 0, 0, 0, 0, 0
8446, 1238, 105, 3, 0, 0, 0, 0, 0, 0, 0, 0, 0, 0, 0
8429, 1256, 105, 2, 0, 0, 0, 0, 0, 0, 0, 0, 0, 0, 0
